 359.999995      23.843366
   5.000000      23.062124
  10.000000      21.582052
  15.000000      19.678316
  20.000000      17.359689
  25.000000      14.792959
  30.000000      12.291342
  35.000000       9.623283
  40.000000       7.417761
  45.000000       5.307041
  50.000000       3.578689
  55.000000       2.064121
  60.000000       1.303688
  65.000000       1.026873
  70.000000       1.328561
  75.000000       1.930392
  80.000000       2.724810
  85.000000       3.950490
  90.000000       5.640745
  95.000000       7.339175
 100.000000       8.929208
 105.000000      10.499559
 110.000000      11.884761
 115.000000      12.677707
 120.000000      12.761404
 125.000000      12.329675
 130.000000      11.769641
 135.000000      10.565902
 140.000000       9.059504
 145.000000       7.157041
 150.000000       5.150631
 155.000000       3.488020
 160.000000       2.032026
 165.000000       1.013882
 170.000000       0.361751
 175.000000       0.022564
 179.000000       0.000000
 185.000000       0.664918
 190.000000       1.913945
 195.000000       3.583533
 200.000000       5.478962
 205.000000       7.824776
 210.000000      10.386347
 215.000000      12.796041
 220.000000      15.135158
 225.000000      17.147788
 230.000000      18.587222
 235.000000      19.498314
 240.000000      19.894018
 245.000000      19.289177
 250.000000      18.024540
 255.000000      17.101243
 260.000000      15.124465
 265.000000      12.041408
 270.000000       9.833639
 275.000000       7.791322
 280.000000       5.857244
 285.000000       4.387103
 290.000000       3.675149
 295.000000       3.127052
 300.000000       2.857103
 305.000000       3.391039
 310.000000       4.603791
 315.000000       6.201072
 320.000000       8.390438
 325.000000      10.964393
 330.000000      13.824140
 335.000000      16.602551
 340.000000      19.169198
 345.000000      21.460171
 350.000000      23.002029
 355.000000      23.582654
