   0.000     0.000   17.402047
   0.000    20.000   18.611170
  -0.000    40.000   25.695860
   0.000    60.000   33.046352
   0.000    80.000   57.054104
   0.000   100.000   55.170896
  -0.000   120.000   40.137034
  -0.000   140.000   38.315070
  -0.000   160.000   36.490458
  -0.000   179.000   46.187531
  -0.000  -160.000   43.954267
   0.000  -140.000   44.187215
  -0.000  -120.000   44.682552
   0.000  -100.000   45.757061
  -0.000   -80.000   57.897337
   0.000   -60.000   51.981445
  -0.000   -40.000   21.610643
  -0.000   -20.000   16.132403
  20.000     0.000   14.626111
  20.000    20.000   15.500568
  20.000    40.000   21.483207
  20.000    60.000   29.213845
  20.000    80.000   31.875687
  20.000   100.000   29.563657
  20.000   120.000   37.688485
  20.000   140.000   37.589390
  20.000   160.000   39.255599
  20.000   179.000   44.417554
  20.000  -160.000   49.402317
  20.000  -140.000   44.554278
  20.000  -120.000   43.823556
  20.000  -100.000   41.874178
  20.000   -80.000   51.749215
  20.000   -60.000   52.511416
  40.000     0.000    8.226319
  40.000    20.000    8.790597
  40.000    40.000   14.079464
  40.000    60.000   21.816918
  40.000    80.000   24.871778
  40.000   100.000   22.579093
  40.000   120.000   29.048353
  40.000   140.000   28.065783
  40.000   160.000   30.175953
  40.000   179.000   34.655566
  40.000  -160.000   39.183499
  40.000  -140.000   40.171413
  40.000  -120.000   38.859472
  40.000  -100.000   37.594597
  40.000   -80.000   41.055232
  40.000   -60.000   41.050940
  40.000   -40.000   25.493949
  40.000   -20.000   21.451163
  60.000     0.000   17.489256
  60.000    20.000    2.651678
  60.000    40.000    8.672427
  60.000    60.000   15.282547
  60.000    80.000   17.696796
  60.000   100.000   14.543693
  60.000   120.000   25.005630
  60.000   140.000   23.729089
  60.000   160.000   25.136291
  60.000   179.000   29.879452
  60.000  -160.000   35.873779
  60.000  -140.000   36.047652
  60.000  -120.000   35.226680
  60.000  -100.000   33.454690
  60.000   -80.000   35.696746
  60.000   -60.000   34.366955
  60.000   -40.000   18.857941
  60.000   -20.000   15.858230
  80.000    -0.000   19.715362
  80.000    20.000    6.142469
  80.000    40.000   11.696900
  80.000    60.000   18.942327
  80.000    80.000   20.876722
  80.000   100.000   18.427423
  80.000   120.000   28.233326
  80.000   140.000   26.845285
  80.000   160.000   28.392449
  80.000   179.000   34.721684
  80.000  -160.000   41.466444
  80.000  -140.000   41.797397
  80.000  -120.000   38.656664
  80.000  -100.000   37.720529
  80.000   -80.000   38.182859
  80.000   -60.000   36.816128
  80.000   -40.000   20.134127
  80.000   -20.000   19.127589
 100.000     0.000   26.461870
 100.000    20.000   26.973988
 100.000    40.000   31.779990
 100.000    60.000   37.819239
 100.000    80.000   41.004065
 100.000   100.000   38.231990
 100.000   120.000   34.608099
 100.000   140.000   33.135698
 100.000   160.000   35.161756
 100.000   179.000   42.388522
 100.000  -160.000   48.328520
 100.000  -140.000   49.766183
 100.000  -120.000   47.558928
 100.000  -100.000   44.379042
 100.000   -80.000   45.693174
 100.000   -60.000   44.449438
 100.000   -40.000   28.524728
 100.000   -20.000   25.687779
 120.000     0.000   32.299336
 120.000    20.000   33.876286
 120.000    40.000   39.145664
 120.000    60.000   45.429123
 120.000    80.000   47.632786
 120.000   100.000   40.820349
 120.000   120.000   37.910139
 120.000   140.000   39.312401
 120.000   160.000   41.186747
 120.000   179.000   48.524550
 120.000  -160.000   54.874321
 120.000  -140.000   54.647635
 120.000  -120.000   51.690293
 120.000  -100.000   49.692468
 120.000   -80.000   63.457719
 120.000   -40.000   34.291928
 140.000     0.000   36.352501
 140.000    20.000   38.142669
 140.000    40.000   44.286713
 140.000    60.000   50.531543
 140.000    80.000   52.827426
 140.000   100.000   38.546336
 140.000   120.000   36.427192
 140.000   140.000   35.580386
 140.000   160.000   40.077572
 140.000   179.000   39.000281
 140.000  -160.000   41.428149
 140.000  -140.000   42.050163
 140.000  -120.000   42.254638
 140.000  -100.000   42.283481
 140.000   -80.000   61.569817
 140.000   -60.000   61.026376
 140.000   -40.000   46.124290
 140.000   -20.000   43.525434
 160.000    -0.000   37.232982
 160.000    20.000   39.067535
 160.000    40.000   45.799191
 160.000    60.000   57.964162
 160.000    80.000   53.791933
 160.000   100.000   28.840357
 160.000   120.000   27.401107
 160.000   140.000   26.063105
 160.000   179.000   28.826941
 160.000  -160.000   31.091789
 160.000  -140.000   32.140373
 160.000  -120.000   32.409478
 160.000  -100.000   33.103289
 160.000   -80.000   33.401543
 160.000   -40.000   30.057823
 160.000   -20.000   36.490589
 179.000     0.000   48.801447
 179.000    20.000   52.177078
 179.000    40.000   55.754236
 179.000    60.000   55.609593
 179.000    80.000   51.275487
 179.000   100.000   20.143960
 179.000   120.000   18.174070
 179.000   140.000   17.530266
 179.000   160.000   18.702636
 179.000   179.000   27.081937
 179.000  -160.000   22.469838
 179.000  -140.000   22.678661
 179.000  -120.000   22.804036
 179.000   -80.000   24.135712
 179.000   -60.000   24.580432
 179.000   -40.000   22.279697
 179.000   -20.000   19.557128
-160.000     0.000   31.404611
-160.000    20.000   50.211808
-160.000    40.000   53.911980
-160.000    60.000   57.011613
-160.000    80.000   54.747970
-160.000   100.000   21.770069
-160.000   120.000   13.396073
-160.000   140.000   12.990140
-160.000   179.000   16.569924
-160.000  -160.000   18.487482
-160.000  -140.000   18.284042
-160.000  -120.000   18.704572
-160.000  -100.000   19.101234
-160.000   -80.000   20.007050
-160.000   -60.000   19.889150
-160.000   -40.000   17.664532
-160.000   -20.000   14.846671
-140.000     0.000   15.523175
-140.000    20.000   15.767493
-140.000    40.000   27.559232
-140.000    60.000   41.655760
-140.000   100.000   36.609538
-140.000   120.000   14.735892
-140.000   140.000   13.222942
-140.000   160.000   14.323600
-140.000   179.000   17.027950
-140.000  -160.000   19.422169
-140.000  -140.000   19.330846
-140.000  -120.000   19.246219
-140.000  -100.000   19.859347
-140.000   -80.000   21.155652
-140.000   -60.000   28.495357
-140.000   -40.000   20.664274
-140.000   -20.000   14.950561
-120.000    -0.000   13.028944
-120.000    20.000   13.402156
-120.000    40.000   16.386761
-120.000    60.000   35.470832
-120.000    80.000   31.554297
-120.000   100.000   31.198916
-120.000   120.000   23.846546
-120.000   140.000   24.081373
-120.000   160.000   22.364377
-120.000   179.000   22.852068
-120.000  -160.000   22.053420
-120.000  -120.000   22.995774
-120.000  -100.000   24.208693
-120.000   -80.000   30.875844
-120.000   -60.000   25.363871
-120.000   -40.000   17.352828
-120.000   -20.000   12.471407
-100.000     0.000   12.092374
-100.000    20.000   11.300856
-100.000    40.000   16.211233
-100.000    60.000   32.554726
-100.000    80.000   30.269131
-100.000   100.000   30.331629
-100.000   120.000   23.179754
-100.000   140.000   23.509205
-100.000   160.000   22.830773
-100.000   179.000   24.589483
-100.000  -160.000   21.936835
-100.000  -140.000   21.584428
-100.000  -120.000   21.929410
-100.000   -80.000   27.703447
-100.000   -60.000   22.636013
-100.000   -40.000   16.513606
-100.000   -20.000   10.989929
 -80.000    -0.000   11.991468
 -80.000    20.000   11.959103
 -80.000    40.000   15.665106
 -80.000    60.000   32.514514
 -80.000    80.000   29.250858
 -80.000   100.000   28.574165
 -80.000   120.000   21.642146
 -80.000   140.000   22.249928
 -80.000   160.000   21.983965
 -80.000   179.000   17.098876
 -80.000  -160.000   20.155004
 -80.000  -140.000   20.304575
 -80.000  -120.000   21.295581
 -80.000  -100.000   23.169756
 -80.000   -80.000   16.396062
 -80.000   -60.000   11.145086
 -80.000   -40.000    2.584290
 -80.000   -20.000   11.757410
 -60.000    -0.000   14.533177
 -60.000    20.000   14.607130
 -60.000    40.000   18.687819
 -60.000    60.000   34.781729
 -60.000    80.000   31.269010
 -60.000   120.000   22.906446
 -60.000   140.000   22.202093
 -60.000   160.000   21.688578
 -60.000   179.000   17.180928
 -60.000  -160.000   20.860743
 -60.000  -140.000   20.775735
 -60.000  -120.000   21.901846
 -60.000  -100.000   23.552463
 -60.000   -80.000   19.619789
 -60.000   -60.000   13.072361
 -60.000   -40.000    4.436718
 -60.000   -20.000    0.000000
 -40.000    -0.000   10.195683
 -40.000    20.000   22.726050
 -40.000    40.000   26.920309
 -40.000    60.000   42.050549
 -40.000    80.000   39.192417
 -40.000   100.000   37.710670
 -40.000   120.000   28.271433
 -40.000   140.000   27.753393
 -40.000   160.000   27.691857
 -40.000   179.000   27.614947
 -40.000  -160.000   27.717332
 -40.000  -140.000   27.202593
 -40.000  -120.000   28.561848
 -40.000  -100.000   29.474701
 -40.000   -80.000   30.267065
 -40.000   -60.000   23.251643
 -40.000   -40.000   14.532044
 -40.000   -20.000    9.352135
 -20.000    20.000   17.588757
 -20.000    40.000   39.113392
 -20.000    60.000   54.119775
 -20.000   100.000   49.246769
 -20.000   140.000   39.394663
 -20.000   160.000   38.080843
 -20.000   179.000   38.388612
 -20.000  -160.000   38.884682
 -20.000   -80.000   50.663995
 -20.000   -20.000   15.270225
